123456789
457508000
189430?68 ILL
34693?670 ILL
238012679 ILL
213780127
624801355 AMB =>[[5, 2, 4, 8, 0, 1, 3, 5, 5], [6, 2, 4, 8, 0, 7, 3, 5, 5], [6, 2, 4, 8, 0, 1, 3, 6, 5]]
834564880 AMB =>[[8, 3, 4, 9, 6, 4, 8, 8, 0], [8, 3, 4, 5, 6, 4, 8, 9, 0]]
312348789
718998109 AMB =>[[7, 1, 8, 8, 9, 8, 1, 0, 9], [7, 1, 8, 9, 9, 8, 1, 8, 9]]
123456789
457508000
189430?68 ILL
34693?670 ILL
238012679 ILL
213780127
624801355 AMB =>[[5, 2, 4, 8, 0, 1, 3, 5, 5], [6, 2, 4, 8, 0, 7, 3, 5, 5], [6, 2, 4, 8, 0, 1, 3, 6, 5]]
834564880 AMB =>[[8, 3, 4, 9, 6, 4, 8, 8, 0], [8, 3, 4, 5, 6, 4, 8, 9, 0]]
312348789
718998109 AMB =>[[7, 1, 8, 8, 9, 8, 1, 0, 9], [7, 1, 8, 9, 9, 8, 1, 8, 9]]
123456789
457508000
189430?68 ILL
34693?670 ILL
238012679 ILL
213780127
624801355 AMB =>[[5, 2, 4, 8, 0, 1, 3, 5, 5], [6, 2, 4, 8, 0, 7, 3, 5, 5], [6, 2, 4, 8, 0, 1, 3, 6, 5]]
834564880 AMB =>[[8, 3, 4, 9, 6, 4, 8, 8, 0], [8, 3, 4, 5, 6, 4, 8, 9, 0]]
312348789
718998109 AMB =>[[7, 1, 8, 8, 9, 8, 1, 0, 9], [7, 1, 8, 9, 9, 8, 1, 8, 9]]
123456789
457508000
189430?68 ILL
34693?670 ILL
238012679 ILL
213780127
624801355 AMB =>[[5, 2, 4, 8, 0, 1, 3, 5, 5], [6, 2, 4, 8, 0, 7, 3, 5, 5], [6, 2, 4, 8, 0, 1, 3, 6, 5]]
834564880 AMB =>[[8, 3, 4, 9, 6, 4, 8, 8, 0], [8, 3, 4, 5, 6, 4, 8, 9, 0]]
312348789
718998109 AMB =>[[7, 1, 8, 8, 9, 8, 1, 0, 9], [7, 1, 8, 9, 9, 8, 1, 8, 9]]
123456789
457508000
189430?68 ILL
34693?670 ILL
238012679 ILL
213780127
624801355 AMB =>[[5, 2, 4, 8, 0, 1, 3, 5, 5], [6, 2, 4, 8, 0, 7, 3, 5, 5], [6, 2, 4, 8, 0, 1, 3, 6, 5]]
834564880 AMB =>[[8, 3, 4, 9, 6, 4, 8, 8, 0], [8, 3, 4, 5, 6, 4, 8, 9, 0]]
312348789
718998109 AMB =>[[7, 1, 8, 8, 9, 8, 1, 0, 9], [7, 1, 8, 9, 9, 8, 1, 8, 9]]
123456789
457508000
189430?68 ILL
34693?670 ILL
238012679 ILL
213780127
624801355 AMB =>[[5, 2, 4, 8, 0, 1, 3, 5, 5], [6, 2, 4, 8, 0, 7, 3, 5, 5], [6, 2, 4, 8, 0, 1, 3, 6, 5]]
834564880 AMB =>[[8, 3, 4, 9, 6, 4, 8, 8, 0], [8, 3, 4, 5, 6, 4, 8, 9, 0]]
312348789
718998109 AMB =>[[7, 1, 8, 8, 9, 8, 1, 0, 9], [7, 1, 8, 9, 9, 8, 1, 8, 9]]
123456789
457508000
189430?68 ILL
34693?670 ILL
238012679 ILL
213780127
624801355 AMB =>[[5, 2, 4, 8, 0, 1, 3, 5, 5], [6, 2, 4, 8, 0, 7, 3, 5, 5], [6, 2, 4, 8, 0, 1, 3, 6, 5]]
834564880 AMB =>[[8, 3, 4, 9, 6, 4, 8, 8, 0], [8, 3, 4, 5, 6, 4, 8, 9, 0]]
312348789
718998109 AMB =>[[7, 1, 8, 8, 9, 8, 1, 0, 9], [7, 1, 8, 9, 9, 8, 1, 8, 9]]
123456789
457508000
189430?68 ILL
34693?670 ILL
238012679 ILL
213780127
624801355 AMB =>[[5, 2, 4, 8, 0, 1, 3, 5, 5], [6, 2, 4, 8, 0, 7, 3, 5, 5], [6, 2, 4, 8, 0, 1, 3, 6, 5]]
834564880 AMB =>[[8, 3, 4, 9, 6, 4, 8, 8, 0], [8, 3, 4, 5, 6, 4, 8, 9, 0]]
312348789
718998109 AMB =>[[7, 1, 8, 8, 9, 8, 1, 0, 9], [7, 1, 8, 9, 9, 8, 1, 8, 9]]
123456789
457508000
189430?68 ILL
34693?670 ILL
238012679 ILL
213780127
624801355 AMB =>[[5, 2, 4, 8, 0, 1, 3, 5, 5], [6, 2, 4, 8, 0, 7, 3, 5, 5], [6, 2, 4, 8, 0, 1, 3, 6, 5]]
834564880 AMB =>[[8, 3, 4, 9, 6, 4, 8, 8, 0], [8, 3, 4, 5, 6, 4, 8, 9, 0]]
312348789
718998109 AMB =>[[7, 1, 8, 8, 9, 8, 1, 0, 9], [7, 1, 8, 9, 9, 8, 1, 8, 9]]
123456789
457508000
189430?68 ILL
34693?670 ILL
238012679 ILL
213780127
624801355 AMB =>[[5, 2, 4, 8, 0, 1, 3, 5, 5], [6, 2, 4, 8, 0, 7, 3, 5, 5], [6, 2, 4, 8, 0, 1, 3, 6, 5]]
834564880 AMB =>[[8, 3, 4, 9, 6, 4, 8, 8, 0], [8, 3, 4, 5, 6, 4, 8, 9, 0]]
312348789
718998109 AMB =>[[7, 1, 8, 8, 9, 8, 1, 0, 9], [7, 1, 8, 9, 9, 8, 1, 8, 9]]
123456789
457508000
189430?68 ILL
34693?670 ILL
238012679 ILL
213780127
624801355 AMB =>[[5, 2, 4, 8, 0, 1, 3, 5, 5], [6, 2, 4, 8, 0, 7, 3, 5, 5], [6, 2, 4, 8, 0, 1, 3, 6, 5]]
834564880 AMB =>[[8, 3, 4, 9, 6, 4, 8, 8, 0], [8, 3, 4, 5, 6, 4, 8, 9, 0]]
312348789
718998109 AMB =>[[7, 1, 8, 8, 9, 8, 1, 0, 9], [7, 1, 8, 9, 9, 8, 1, 8, 9]]
