123456789
457508000
189430?68 ILL AMB [[0, 2, 0, 0, 2, 1, 0, 2, 1], [0, 2, 0, 0, 0, 1, 0, 0, 1]]
34693?670 ILL AMB [[0, 2, 0, 0, 2, 1, 0, 2, 1], [0, 2, 0, 1, 2, 0, 0, 2, 1]]
123456789
457508000
189430?68 ILL AMB [[0, 2, 0, 0, 2, 1, 0, 2, 1], [0, 2, 0, 0, 0, 1, 0, 0, 1]]
34693?670 ILL AMB [[0, 2, 0, 0, 2, 1, 0, 2, 1], [0, 2, 0, 1, 2, 0, 0, 2, 1]]
123456789
457508000
189430?68 ILL AMB [[0, 2, 0, 0, 2, 1, 0, 2, 1], [0, 2, 0, 0, 0, 1, 0, 0, 1]]
34693?670 ILL AMB [[0, 2, 0, 0, 2, 1, 0, 2, 1], [0, 2, 0, 1, 2, 0, 0, 2, 1]]
123456789
457508000
189430?68 ILL AMB [[0, 2, 0, 0, 2, 1, 0, 2, 1], [0, 2, 0, 0, 0, 1, 0, 0, 1]]
34693?670 ILL AMB [[0, 2, 0, 0, 2, 1, 0, 2, 1], [0, 2, 0, 1, 2, 0, 0, 2, 1]]
123456789
457508000
189430?68 ILL AMB [[0, 2, 0, 0, 2, 1, 0, 2, 1], [0, 2, 0, 0, 0, 1, 0, 0, 1]]
34693?670 ILL AMB [[0, 2, 0, 0, 2, 1, 0, 2, 1], [0, 2, 0, 1, 2, 0, 0, 2, 1]]
